232.944 317.629 -0.99375 -0.11163
272.199 294.871 -0.991248 -0.132012
297.89 280.225 -0.99153 -0.129879
273.954 256.09 -0.987007 -0.160679
236.032 231.761 -0.993422 -0.114509
252.09 322.042 -0.991419 -0.130725
266.29 281.345 -0.991034 -0.133606
264.76 315.105 -0.991177 -0.132547
236.185 305.095 -0.991716 -0.128447
234.134 302.994 -0.993063 -0.117583
253.909 267.895 -0.991035 -0.133602
241.483 223.721 -0.993684 -0.112211
273.268 279.013 -0.988955 -0.148218
237.449 288.067 -0.986553 -0.163439
257.978 291.57 -0.991731 -0.128336
235.941 276.29 -0.991778 -0.127972
235.058 235.807 -0.994744 -0.102389
259.04 277.75 -0.99117 -0.132598
274.648 239.482 -0.990919 -0.134459
225.83 244.869 -0.99483 -0.101559
244.162 318.055 -0.993218 -0.116266
223.551 275.28 -0.994935 -0.10052
238.819 281.805 -0.994612 -0.103669
260.54 306.677 -0.991051 -0.133484
254.418 259.421 -0.992994 -0.118163
243.76 295.764 -0.987881 -0.155211
225.859 316.226 -0.997652 -0.0684892
281.584 262.199 -0.992496 -0.122273
266.852 225.471 -0.991845 -0.127446
260.035 262.356 -0.993746 -0.111668
242.222 255.506 -0.993402 -0.114685
238.891 246.622 -0.992908 -0.118887
281.71 242.553 -0.990547 -0.137173
282.058 250.717 -0.989492 -0.144586
229.191 288.001 -0.998548 -0.053875
227.592 253.629 -0.994159 -0.107923
263.934 297.765 -0.993044 -0.117741
223.911 299.357 -0.995498 -0.0947768
245.375 265.228 -0.989762 -0.142729
258.32 221.409 -0.99214 -0.125129
267.681 234.313 -0.992218 -0.124513
289.347 275.055 -0.991698 -0.128589
226.541 280.306 -0.993199 -0.116431
280.401 301.294 -0.951204 -0.308561
281.619 311.212 -0.946144 -0.323745
231.636 262.136 -0.993882 -0.110449
240.315 261.732 -0.993662 -0.112406
226.29 293.884 -0.994888 -0.100988
251.495 223.035 -0.992103 -0.125427
281.847 283.316 -0.988643 -0.150283
164.999 301.365 -0.998546 -0.0538988
209.47 311.893 -0.995934 -0.0900806
193.013 283.851 -0.999931 -0.01176
200.71 247.775 -0.994279 -0.106814
169.261 247.772 -0.994162 -0.107902
187.607 322.502 -0.997277 -0.0737511
213.645 287.07 -0.996739 -0.0806935
198.686 313.73 -0.996825 -0.079623
163.272 283.402 -0.999831 0.0183865
158.576 273.301 -0.994953 -0.100345
165.189 277.829 -0.999407 -0.0344458
176.536 242.424 -0.993104 -0.117235
198.524 264.958 -0.995653 -0.0931386
184.148 296.737 -0.997314 -0.0732416
188.922 313.877 -0.997079 -0.0763751
161.177 258.802 -0.993059 -0.117619
165.933 253.215 -0.99416 -0.10792
206.382 301.57 -0.997529 -0.0702547
196.147 240.349 -0.993493 -0.113897
163.804 270.584 -0.992133 -0.125191
198.457 322.857 -0.997591 -0.0693695
173.29 306.643 -0.996289 -0.0860747
167.74 261.729 -0.986383 -0.164467
209.851 320.574 -0.99577 -0.0918825
185.122 287.56 -0.997798 -0.0663188
179.702 315.956 -0.996181 -0.0873111
158.283 293.042 -0.999687 -0.0250283
197.058 255.96 -0.994336 -0.106281
164.271 241.023 -0.99289 -0.119032
187.631 271.445 -0.996765 -0.0803656
193.666 272.132 -0.996456 -0.0841107
189.395 263.153 -0.995804 -0.0915133
209.007 252.888 -0.994818 -0.101667
209.776 260.308 -0.995124 -0.0986288
151.516 267.63 -0.995051 -0.099363
193.521 287.75 -0.996812 -0.0797806
194.336 296.055 -0.996731 -0.0807954
170.659 294.896 -0.999896 -0.0144169
159.683 266.478 -0.990374 -0.13842
184.266 243.316 -0.995557 -0.0941576
199.741 272.169 -0.998606 -0.0527886
205.089 273.401 -0.999285 -0.0377974
154.751 280.936 -0.996788 -0.0800851
210.018 275.94 -0.997122 0.0758086
211.268 296.07 -0.997801 -0.0662867
171.214 284.939 -0.999757 0.0220474
180.051 262.002 -0.989353 -0.145535
149.29 289.178 -0.998405 -0.0564656
180.244 271.427 -0.999589 -0.0286672
216.12 268.021 -0.995427 -0.0955274
