412.692 311.867 0.974602 -0.223942
463.172 298.826 0.974324 -0.22515
539.23 260.572 0.972545 -0.232717
467.875 278.9 0.974233 -0.225545
549.475 265.713 0.973736 -0.227678
549.954 264.706 0.973725 -0.227728
542.513 277.197 0.977625 -0.210355
557.424 265.656 0.974398 -0.224829
543.543 269.54 0.975085 -0.22183
552.017 260.902 0.974399 -0.224827
494.944 291.496 0.974745 -0.223321
538.187 284.216 0.973521 -0.228596
453.813 302.356 0.97871 -0.20525
547.546 268.95 0.971086 -0.23873
551.782 261.648 0.974399 -0.224828
469.232 273.458 0.97405 -0.226335
545.55 272.229 0.9798 -0.199978
553.853 271.5 0.974399 -0.224826
546.107 271.294 0.981627 -0.190811
539.655 281.835 0.974183 -0.225759
557.239 266.033 0.974398 -0.224829
545.809 271.075 0.969634 -0.244559
549.162 266.345 0.973892 -0.227012
545.026 273.082 0.971363 -0.237599
558.097 264.7 0.974398 -0.224829
