607.492 340.37 0.715394 -0.698722
604.449 358.11 0.716094 -0.698004
631.572 326.363 0.732798 -0.680446
597.181 353.338 0.715119 -0.699003
622.224 358.077 0.714223 -0.699919
585.037 343.615 0.700971 -0.713189
594.792 331.802 0.710094 -0.704107
619.931 346.041 0.714234 -0.699907
587.851 353.122 0.712265 -0.70191
595.395 320.072 0.714122 -0.700021
610.643 357.141 0.71566 -0.698449
611.736 316.645 0.732935 -0.680298
597.572 364.224 0.704933 -0.709274
608.358 325.777 0.709471 -0.704735
596.32 337.777 0.71155 -0.702636
619.196 322.201 0.715216 -0.698903
626.799 317.924 0.714676 -0.699456
629.17 353.099 0.705491 -0.708719
595.617 344.752 0.716988 -0.697085
586.033 330.447 0.710154 -0.704046
618.328 337.512 0.712492 -0.70168
601.747 327.652 0.713189 -0.700972
616.609 356.88 0.714427 -0.69971
622.145 340.611 0.71006 -0.704141
614.541 332.655 0.710769 -0.703425
