62.3216 273.101 -0.909321 -0.416095
332.246 585.698 1 0.000512282
354.876 555.177 0.999547 -0.0300902
708.346 83.7451 0.999907 -0.0135974
49.509 289.357 -0.56521 -0.824947
382.115 581.94 0.997892 -0.064903
105.958 309.043 -0.991378 -0.131035
144.164 299.15 -0.998937 -0.046087
65.3844 294.377 -0.924478 -0.381235
126.641 271.899 -0.996879 -0.0789508
128.61 289.623 -0.998023 -0.0628418
689.6 80.5562 0.999729 -0.0232684
53.329 288.036 -0.920457 -0.390843
101.951 250.975 -0.991134 -0.132864
278.769 545.232 0.999988 -0.00487666
353.111 584.518 0.998992 -0.0448843
332.467 563.349 0.999865 -0.0164364
103.408 286.575 -0.994753 -0.102301
662.297 69.3989 0.99985 0.0173185
89.8895 292.97 -0.972404 -0.233302
81.3468 269.944 -0.929132 -0.369748
357.052 557.589 0.999431 -0.033732
318.093 579.919 0.999993 -0.00368199
684.105 92.4599 0.999934 -0.0114776
717.24 124.869 0.999877 -0.015674
98.8332 307.665 -0.989016 -0.147812
682.621 82.9797 0.999964 -0.00846946
66.0521 317.905 -0.907934 -0.419113
737.761 67.1041 0.999717 0.0237965
365.956 599.235 0.999644 -0.0266687
119.628 311.841 -0.99257 -0.121676
362.678 547.351 0.999457 -0.0329581
116.514 270.457 -0.99545 -0.0952888
49.876 292.03 -0.306867 -0.951752
424.502 557.522 0.999067 -0.0431922
730.256 49.9911 0.999936 -0.0112953
297.806 562.027 0.997417 -0.0718329
341.822 572.891 0.999935 -0.0113737
302.068 570.084 0.999215 -0.039608
315.231 558.633 0.999921 0.0125955
747.13 107.051 0.999995 -0.00314714
370.122 544.11 0.999334 -0.036496
397.502 518.441 0.999715 -0.0238865
107.54 281.818 -0.990229 -0.139452
351.896 562.077 0.999768 -0.0215521
160.689 268.911 -0.999825 0.0186787
743.426 88.3668 1 0.000226069
664.717 96.2484 0.999855 0.017027
145.279 314.998 -0.997849 -0.0655505
334.186 541.869 0.999629 -0.0272259
306.681 533.515 0.999021 -0.0442489
105.447 296.511 -0.993104 -0.117238
372.241 598.934 0.999467 -0.0326546
92.93 248.033 -0.980266 -0.197683
722.798 126.063 0.999876 -0.0157494
50.3356 253.952 0.524209 -0.85159
85.896 256.389 -0.963935 -0.266139
710.659 98.0834 0.998761 -0.049761
277.186 515.649 0.99998 0.00630896
731.016 50.5231 0.999978 -0.00667244
397.548 566.471 0.998673 -0.0514927
365.781 599.158 0.999596 -0.0284151
109.126 297.912 -0.991045 -0.133531
374.598 527.777 0.999429 -0.0337877
390.949 599.899 0.999933 -0.0116065
331.553 533.471 0.999789 -0.0205205
311.107 499.405 0.999997 -0.00231413
341.952 564.866 0.999217 -0.0395576
383.151 570.628 0.998097 -0.061666
142.478 268.815 -0.999597 -0.0283892
391.037 514.225 0.998693 -0.0511122
135.29 276.938 -0.997381 -0.0723228
735.143 107.406 1 -0.00027588
370.374 537.922 0.999523 -0.0308942
336.1 547.944 0.999458 -0.03292
740.826 77.6292 0.999791 0.0204402
411.811 586.106 0.99905 -0.0435771
693.801 110.183 0.999714 -0.0239043
296.962 502.518 0.999944 -0.0105816
391.553 543.606 0.998974 -0.0452844
680.864 118.826 0.999997 -0.00261019
695.466 50.216 0.999899 -0.0142095
394.954 585.34 0.998328 -0.0577946
315.751 541.622 0.999756 -0.0221088
692.315 50.1469 0.999882 -0.0153677
332.141 504.901 0.999938 -0.0111137
668.077 84.9691 0.99981 0.019479
50.2379 284.34 0.783592 -0.621276
352.729 546.136 0.999535 -0.0304907
729.624 122.754 0.999666 -0.0258427
652.117 66.3013 0.998998 0.0447625
287.094 559.68 0.999925 -0.012224
111.258 270.586 -0.990347 -0.138612
712.814 116.839 0.999395 -0.034788
713.991 81.5281 0.999639 0.0268525
347.055 597.742 0.998628 -0.0523723
126.659 238.115 -0.999982 -0.005933
106.109 234.808 -0.99253 -0.122003
676.055 55.9804 0.99893 0.046242
114.96 231.275 -0.995364 -0.0961791
414.685 540.157 0.997616 -0.0690159
110.618 248.875 -0.993005 -0.118075
99.1004 324.328 -0.987846 -0.155437
93.3257 301.88 -0.980251 -0.197759
118.469 282.204 -0.996133 -0.0878617
62.8187 308.32 -0.900379 -0.435106
128.313 259.79 -0.996641 -0.0819003
686.234 66.0447 0.999514 -0.0311675
279.833 535.579 0.99984 -0.017863
375.506 572.612 0.999991 0.00412766
372.105 562.531 0.999818 -0.0190714
416.91 577.324 0.99936 -0.0357591
113.273 262.893 -0.995404 -0.095768
94.5329 271.836 -0.913378 -0.407112
320.711 545.227 0.999821 -0.0189429
105.304 320.022 -0.989053 -0.147563
723.442 116.029 1 0.000255356
92.0955 311.401 -0.975807 -0.218634
355.397 569.959 0.9995 -0.0316052
64.0613 297.058 -0.919399 -0.393327
277.928 553.004 1 6.3266e-05
75.036 255.096 -0.922929 -0.38497
673.12 97.0176 0.999998 -0.00176441
391.27 599.1 0.999541 -0.0302924
313.934 530.077 0.999733 -0.0231122
401.45 558.873 0.997649 -0.0685254
698.662 95.5493 0.998541 -0.0539969
70.982 273.916 -0.91197 -0.410257
339.025 556.216 0.999801 -0.0199368
106.458 293.498 -0.9905 -0.13751
393.78 598.745 0.999269 -0.0382155
347.369 551.52 0.999691 -0.0248673
682.034 50.0021 0.999968 0.00801271
135.441 254.346 -0.99697 -0.0777827
121.596 273.103 -0.996152 -0.0876432
315.309 588.247 0.999979 0.00640914
711.92 84.7632 0.999995 -0.00321101
98.8832 283.173 -0.993616 -0.112813
355.992 567.154 0.999416 -0.0341816
367.388 572.668 0.99998 -0.00625037
149.162 306.231 -0.99854 -0.0540103
690.657 117.044 0.999478 -0.032294
50.4919 248.139 0.161476 -0.986877
158.924 278.668 -0.997454 -0.0713182
364.667 521.916 0.999495 -0.0317828
74.085 280.548 -0.986881 -0.16145
379.691 556.429 0.99999 -0.00440753
723.424 123.557 0.999809 -0.0195434
374.056 552.256 0.999883 -0.0153193
412.558 574.243 0.998792 -0.0491458
412.211 547.065 0.996901 -0.0786636
275.915 562.042 0.999883 0.0152867
67.6569 278.599 -0.974115 -0.226053
145.852 278.164 -0.998941 -0.0460142
348.869 567.696 0.999421 -0.0340345
83.6987 317.571 -0.955008 -0.296579
372.774 569.967 0.9964 -0.0847788
351.074 597.987 0.998737 -0.0502461
386.05 561.221 0.999038 -0.0438422
80.5157 295.971 -0.937644 -0.347596
366.17 575.389 0.999447 -0.0332563
92.1913 258.182 -0.965104 -0.261867
65.5835 289.169 -0.932579 -0.360965
378.157 545.122 0.999566 -0.0294464
354.662 599.137 0.999578 -0.0290635
698.216 86.3453 0.999381 -0.035166
95.5917 273.532 -0.975706 -0.219084
111.448 276.304 -0.993035 -0.117822
50.5227 260.23 -0.08018 -0.99678
96.6062 242.776 -0.981507 -0.191426
718.553 50.2856 0.9998 -0.0199936
64.7197 322.99 -0.867797 -0.496918
65.5749 251.774 -0.864718 -0.502257
733.707 74.1378 0.999708 -0.0241795
50.337 263.701 0.0619677 -0.998078
58.2945 273.669 -0.883078 -0.469225
49.7284 247.659 -0.621359 -0.783526
52.8508 274.408 -0.847469 -0.530844
674.538 64.1184 0.998903 0.0468344
356.269 593.151 0.999373 -0.035406
88.5651 264.622 -0.95866 -0.284555
83.144 282.086 -0.942812 -0.333326
742.782 85.3525 0.99994 0.0109399
739.11 104.233 0.999997 0.0024997
311.492 567.869 0.997242 -0.0742226
59.7463 282.871 -0.943712 -0.330769
82.3307 291.129 -0.936566 -0.350492
409.507 594.984 0.998926 -0.0463397
49.6497 277.381 -0.353713 -0.935354
124.288 278.138 -0.994508 -0.104659
415.659 562.603 0.999185 -0.0403735
122.203 291.112 -0.995172 -0.0981464
738.293 95.4486 0.99989 0.0148547
354.414 574.371 0.999985 -0.00548636
132.329 266.914 -0.997499 -0.0706819
283.461 568.627 0.999151 0.0411883
672.94 118.922 0.999955 -0.00953623
378.4 593.506 0.999457 -0.0329559
746.543 101.033 0.99997 0.00768939
148.378 250.669 -0.998293 -0.0584005
738.286 121.06 0.999943 -0.0107009
102.93 242.928 -0.989476 -0.144699
360.146 599.014 0.999457 -0.0329493
58.4163 265.757 -0.800048 -0.599935
368.328 557.463 0.999664 -0.0259192
724.391 49.9847 0.99988 -0.0155197
379.603 599.405 0.999733 -0.0230961
96.5821 269.971 -0.93747 -0.348066
386.609 582.807 0.997494 -0.0707531
378.326 566.911 0.999772 -0.0213447
701.715 71.2367 0.999994 -0.00334724
360.987 530.186 0.999536 -0.0304578
152.079 259.871 -0.998472 -0.055256
335.456 510.603 0.999824 -0.0187475
347.124 554.452 0.999707 -0.0242215
714.319 89.1326 0.999665 -0.0258786
715.028 138.679 0.99987 -0.0161376
742.17 81.564 0.999709 0.0241233
69.2898 239.626 -0.900144 -0.435594
314.428 582.676 0.999996 -0.00296414
98.1105 299.469 -0.98486 -0.173353
109.602 285.02 -0.988109 -0.153753
354.989 537.431 0.999648 -0.0265398
294.942 546.16 0.999357 0.0358642
363.799 576.58 0.999643 -0.0267001
366.479 569.509 0.999037 -0.0438804
385.002 599.633 0.999872 -0.0160048
348.183 577.313 0.998537 -0.0540776
392.055 575.06 0.997847 -0.0655883
318.162 504.497 0.999984 0.00570473
347.483 592.876 0.99844 -0.0558302
692.583 70.8588 0.999592 -0.0285469
745.756 90.4314 0.999965 -0.00833772
345.769 582.412 0.999732 -0.0231578
323.683 571.328 0.999663 -0.0259501
740.099 70.4909 0.999906 0.0136757
280.202 523.926 0.999999 0.00174719
98.245 284.355 -0.996289 -0.0860693
387.027 568.282 0.998674 -0.0514798
370.817 566.505 0.999909 -0.0135305
375.23 565.689 0.999972 0.00750803
361.484 599.174 0.999578 -0.0290583
49.8574 256.455 -0.382364 -0.924012
124.069 254.28 -0.995427 -0.095523
284.138 537.422 0.999208 -0.0397928
731.301 55.1002 0.999992 0.00404521
713.563 51.12 0.999993 -0.00373083
288.792 506.856 1 0.000677406
745.812 94.0572 0.999927 -0.0120545
726.062 111.75 0.999999 0.00103978
320.296 591.736 0.999904 0.0138721
379.473 535.65 0.99953 -0.0306618
336.587 566.201 0.999985 0.00540897
121.867 246.354 -0.996449 -0.0841984
747.6 80.8445 0.999781 -0.0209345
398.146 598.352 0.999164 -0.0408702
729.471 103.423 0.999928 0.0120389
63.6875 268.354 -0.810118 -0.586266
50.4695 275.524 0.510432 -0.859918
748.144 114.711 0.999855 -0.0170033
109.567 260.18 -0.984227 -0.176913
718.474 88.5607 0.999987 -0.00506975
390.286 554.15 0.999502 -0.0315412
55.6936 307.829 -0.832322 -0.554293
78.3574 242.698 -0.934404 -0.356214
717.459 76.4985 0.9995 -0.0316112
654.772 75.9849 0.999342 0.0362748
78.6312 323.536 -0.940008 -0.341153
702.697 107.721 0.999947 -0.0102733
676.544 80.1216 0.999866 0.0163502
116.325 304.061 -0.988796 -0.149276
402.982 598.144 0.999017 -0.0443394
732.079 58.5154 0.999974 0.00719099
124.741 283.154 -0.995556 -0.0941747
710.821 130.14 0.999741 -0.022747
74.8605 303.282 -0.908365 -0.418178
304.667 500.893 0.999954 -0.0096159
702.633 50.2712 0.999936 -0.0113544
703.627 115.191 0.999585 -0.0288124
706.202 87.8932 0.99899 -0.0449238
352.527 598.761 0.999274 -0.0380887
115.545 262.257 -0.996831 -0.0795442
306.393 572.911 0.999983 -0.00587191
378.515 581.205 0.999482 -0.0321761
333.204 575.877 0.999767 -0.0215877
116.007 243.638 -0.994198 -0.107563
63.4534 255.153 -0.838191 -0.545377
317.15 574.554 0.999241 -0.0389545
409.445 566.138 0.998637 -0.0521829
727.712 50.0002 0.999896 0.0144246
62.0676 261.432 -0.799649 -0.600468
132.428 247.678 -0.995398 -0.095826
75.2722 272.528 -0.836855 -0.547424
710.012 51.5625 0.999982 0.00607761
151.775 286.091 -0.999045 -0.0436972
699.199 156.854 0.999461 -0.0328394
100.034 255.538 -0.985116 -0.171888
83.9248 276.295 -0.986311 -0.164897
341.252 553.038 0.999533 -0.0305563
49.7449 276.658 -0.285306 -0.958437
296.588 511.793 0.999531 -0.0306096
693.105 101.379 0.999999 -0.00142616
330.986 588.777 0.999983 0.00584929
699.882 130.12 0.998986 -0.0450294
324.487 564.234 0.997447 -0.0714065
93.8732 276.449 -0.99964 -0.0268326
65.5534 246.017 -0.864788 -0.502138
358.29 582.514 0.999167 -0.0408184
81.4889 253.048 -0.938504 -0.345268
292.786 567.546 0.999541 0.0302875
685.229 50.0012 0.999877 0.0156747
348.569 527.872 0.999665 -0.0258926
740.509 74.0574 0.999719 0.0237229
62.2248 250.507 -0.849516 -0.527563
732.551 63.2378 0.999888 -0.0149583
83.1788 243.973 -0.942691 -0.333668
737.093 63.5748 0.999405 0.03448
364.938 584.877 0.999539 -0.0303716
698.234 121.236 0.998754 -0.0499065
336.171 558.075 0.999695 -0.0247117
49.6569 299.9 -0.455924 -0.890019
49.7994 272.057 -0.349854 -0.936804
50.1 276.048 0.47134 -0.881951
50.0619 268.239 -0.0968319 -0.995301
134.552 293.305 -0.997599 -0.0692494
344.747 556.274 0.999904 -0.0138481
732.255 113.11 0.999759 -0.0219681
731.715 52.4691 0.999972 0.00755389
323.863 597.27 0.999968 0.00803097
105.275 289.875 -0.988939 -0.148324
103.385 258.497 -0.984548 -0.175114
676.677 51.6331 0.999827 0.0186002
704.772 150.826 0.999826 -0.0186613
92.9385 245.64 -0.967971 -0.251061
360.025 569.822 0.999511 -0.0312635
50.0284 285.593 0.316763 -0.948505
50.0616 307.362 0.146554 -0.989203
699.745 50.5044 0.999905 -0.0137569
371.511 573.159 0.999221 -0.0394693
351.791 519.729 0.999685 -0.0250816
409.999 579.481 0.998981 -0.0451291
405.665 553.4 0.998169 -0.0604844
420.766 560.697 0.999593 -0.0285449
387.147 599.567 0.999797 -0.0201684
385.002 545.137 0.999595 -0.0284495
276.231 529.484 0.999926 0.0121636
415.38 532.503 0.997524 -0.0703273
290.953 519.593 0.999684 -0.0251183
49.6581 302.064 -0.396043 -0.918232
401.346 587.481 0.997891 -0.0649058
