664.133 87.644 0.0448557 0.998993
755.743 597.251 -0.996824 -0.0796373
124.007 326.127 -0.689583 0.724207
874.231 264.086 0.0351552 -0.999382
219.026 26.5914 -2.80338 0.133385
589.552 241.452 -0.830793 0.556581
492.713 507.719 0.716965 -0.48037
297.599 598.95 0.348113 -0.937452
896.314 88.7754 -0.647619 0.761964
420.871 286.89 -0.612053 -0.790817
681.111 317.469 0.746177 -0.665748
350.678 252.638 -0.283116 0.959086
548.401 490.412 0.295755 -0.955264
682.72 105.402 -0.717885 0.696162
584.195 135.908 0.927116 -0.374775
690.903 99.6274 -0.637149 0.770741
601.902 106.867 -0.143414 0.989663
533.503 438.784 0.818526 0.57447
723.862 568.113 0.579051 0.815291
559.91 114.768 0.688452 0.725282
378.332 250.458 -0.979719 -0.200375
549.586 221.135 0.192964 0.981206
921.746 420.912 -0.897516 -0.440981
176.122 505.65 -0.700614 0.71354
77.3087 489.913 0.812089 0.583534
746.869 534.945 0.0543129 0.998524
255.293 177.555 -0.996901 0.0786684
504.8 330.531 -0.964456 0.264244
564.028 338.329 -0.113342 -0.993556
137.267 341.111 -0.999705 0.0242841
213.701 50.3172 -0.877338 -0.479874
776.766 602.444 -0.966852 -0.102808
870.157 544.542 -0.390896 -0.920435
62.1271 386.996 0.975774 0.21878
480.587 227.662 -0.0763154 -0.997084
70.4509 173.59 -0.927659 -0.373428
871.304 379.205 -0.998266 0.0588663
376.217 262.512 -0.993636 -0.112638
926.841 412.85 -0.897516 -0.440981
566.141 122.423 0.628487 0.77782
760.558 332.62 -0.475485 0.879724
77.167 166.9 -0.923728 -0.383048
799.67 72.8898 -0.867179 0.497996
132.901 329.836 -0.627019 0.779004
392.392 215.613 -0.878948 0.476918
160.652 89.979 0.674198 0.417656
753.212 354.586 -0.409407 0.912352
745.2 349.53 -0.420433 0.907324
576.567 99.8491 0.40964 0.912247
78.7355 178.528 -0.913596 -0.406624
