499.857 422.474 0.990256 0.13926
517.406 389.292 0.997382 0.0723133
515.902 394.136 0.997254 0.0740557
512.379 352.428 0.988998 0.147927
488.75 360.032 0.989932 0.141541
509.145 419.685 0.991267 0.131869
514.201 395.875 0.991446 0.130515
521.143 419.615 0.941149 -0.337991
486.135 394.51 0.996999 0.0774152
481.417 411.539 0.991137 0.132844
502.721 378.818 0.990491 0.137575
490.675 364.716 0.991187 0.132469
521.378 382.718 0.990975 0.134046
482.507 406.854 0.994148 0.108024
486.309 398.58 0.987314 0.158783
485.547 388.318 0.994347 0.106174
489.288 377.01 0.997743 0.0671455
513.387 384.937 0.996364 0.0852002
520.937 348.418 0.988261 0.152773
486.577 385.102 0.994421 0.105486
514.899 427.4 0.925779 -0.378066
487.515 396.812 0.991532 0.129859
485.359 391.384 0.996288 0.0860841
517.055 408.157 0.994083 0.108621
509.421 406.021 0.993756 0.111576
501.335 417.072 0.992851 0.119357
492.232 421.383 0.991766 0.128063
518.015 375.643 0.992355 0.123414
499.992 349.086 0.990837 0.135065
509.498 366.308 0.988674 0.150082
483.283 359.146 0.987243 0.159221
486.463 382.143 0.996053 0.0887649
529.967 367.601 0.993607 0.112898
529.699 377.406 0.993235 0.116125
486.903 407.212 0.989615 0.14374
484.606 379.895 0.992364 0.123345
510.883 409.933 0.99324 0.116075
491.257 418.313 0.992141 0.125123
482.233 399.077 0.995609 0.0936093
497.617 357.04 0.991407 0.130814
509.732 375.751 0.99008 0.140501
526.612 393.918 0.995289 0.0969533
487.166 414.953 0.991231 0.13214
520.778 395.518 0.995696 0.0926761
525.296 409.903 0.993047 0.117717
480.871 371.807 0.989204 0.146548
484.922 375.141 0.993135 0.116977
489.867 403.851 0.986864 0.161553
503.867 356.111 0.991384 0.130988
530.72 402.579 0.991703 0.128551
